65
66
64
64
63
64
64
63
65
64
62
60
64
61
63
61
59
60
61
60
61
61
60
58
58
60
57
59
58
56
58
57
58
54
55
54
54
54
56
56
53
55
52
54
55
51
54
53
52
52
53
50
50
53
50
51
52
51
52
49
52
49
50
48
50
49
46
48
50
48
46
48
46
48
45
48
46
48
45
47
46
46
47
46
44
43
42
43
43
43
45
41
40
40
42
41
42
41
41
42
43
42
39
40
42
41
40
37
38
38
40
39
40
39
37
40
36
38
38
35
36
34
38
34
35
38
34
37
37
36
37
35
32
34
35
35
31
31
34
33
32
32
34
34
32
30
34
29
31
30
32
32
30
28
29
29
31
28
31
30
27
29
31
28
26
29
27
27
29
27
28
29
28
29
27
27
28
27
25
24
28
24
27
25
27
27
27
26
26
22
25
25
22
25
22
23
22
22
23
23
23
21
24
24
21
22
23
21
20
21
19
22
21
21
22
22
19
18
19
18
20
19
22
18
19
20
19
21
19
20
21
17
16
18
17
16
19
19
16
15
18
16
15
16
18
17
15
14
17
14
18
18
18
14
18
18
13
14
13
14
16
16
15
14
14
16
14
15
12
12
15
13
16
16
12
16
11
13
13
14
13
11
15
12
13
14
10
13
11
10
13
10
11
12
10
14
12
11
11
12
13
13
13
10
9
11
12
12
12
12
12
9
10
9
10
9
10
8
11
10
9
10
8
11
8
9
9
7
9
11
7
8
10
9
9
7
11
8
11
10
9
7
10
7
6
6
7
10
9
8
6
6
8
9
6
6
8
10
10
8
8
7
10
8
7
10
7
9
7
5
5
9
9
7
8
5
7
8
6
8
8
7
6
8
8
8
8
7
5
5
6
8
5
5
9
9
8
9
8
9
6
6
5
5
5
9
9
8
9
9
6
8
7
9
7
9
9
5
7
6
