63
66
64
64
65
66
66
63
62
65
61
64
62
61
63
62
61
62
59
59
60
60
57
57
60
60
57
58
58
55
55
57
57
56
56
55
54
53
55
53
56
53
52
53
52
52
55
52
54
51
53
53
54
50
50
51
50
52
50
51
49
47
50
47
49
48
46
49
48
47
46
45
49
49
45
48
48
46
46
43
45
46
45
46
42
42
44
45
45
45
44
45
41
42
42
41
41
43
41
41
43
42
41
38
41
39
39
39
40
38
38
38
36
36
40
37
36
38
38
35
38
38
37
35
35
35
36
34
33
36
33
36
35
36
36
34
34
31
35
33
33
32
34
31
31
30
32
32
30
33
32
31
32
29
30
32
32
28
30
28
28
31
28
30
29
26
28
30
26
27
26
29
27
29
26
29
27
24
27
28
25
27
26
27
26
24
26
23
22
25
22
23
22
23
26
22
21
25
22
25
22
22
21
24
21
22
23
23
22
20
22
22
23
21
22
21
18
18
21
18
18
22
20
17
20
20
19
17
20
20
19
18
18
18
17
19
20
18
17
19
17
18
16
17
18
16
15
15
15
15
18
17
18
18
17
14
16
13
17
14
16
15
16
16
15
17
16
13
12
15
12
13
14
14
13
12
13
14
11
12
12
15
12
11
14
13
11
11
12
13
13
13
11
13
14
13
13
11
12
11
13
12
13
10
13
10
13
9
10
11
11
12
11
9
11
10
11
10
11
11
9
10
10
12
12
9
10
9
8
8
7
11
10
9
7
9
10
10
11
7
8
11
10
10
6
8
9
10
9
10
9
6
7
9
10
6
10
9
7
7
7
7
8
9
6
7
9
9
9
5
8
8
6
7
5
6
7
6
8
5
5
7
7
5
6
8
5
8
6
7
6
8
6
6
6
8
5
9
7
7
7
8
8
7
5
8
7
8
6
6
7
6
9
9
9
8
7
5
9
5
